1.000000000000000056e-01,2.000000000000000111e-01,2.999999999999999889e-01,4.000000000000000222e-01,5.000000000000000000e-01,5.999999999999999778e-01,6.999999999999999556e-01,8.000000000000000444e-01,6.840000000000000000e+02
1.000000000000000056e-01,2.000000000000000111e-01,2.999999999999999889e-01,4.000000000000000222e-01,5.000000000000000000e-01,5.999999999999999778e-01,6.999999999999999556e-01,8.000000000000000444e-01,5.590000000000000000e+02
1.000000000000000056e-01,2.000000000000000111e-01,2.999999999999999889e-01,4.000000000000000222e-01,5.000000000000000000e-01,5.999999999999999778e-01,6.999999999999999556e-01,8.000000000000000444e-01,6.290000000000000000e+02
1.000000000000000056e-01,2.000000000000000111e-01,2.999999999999999889e-01,4.000000000000000222e-01,5.000000000000000000e-01,5.999999999999999778e-01,6.999999999999999556e-01,8.000000000000000444e-01,1.920000000000000000e+02
1.000000000000000056e-01,2.000000000000000111e-01,2.999999999999999889e-01,4.000000000000000222e-01,5.000000000000000000e-01,5.999999999999999778e-01,6.999999999999999556e-01,8.000000000000000444e-01,8.350000000000000000e+02
1.000000000000000056e-01,2.000000000000000111e-01,2.999999999999999889e-01,4.000000000000000222e-01,5.000000000000000000e-01,5.999999999999999778e-01,6.999999999999999556e-01,8.000000000000000444e-01,7.630000000000000000e+02
1.000000000000000056e-01,2.000000000000000111e-01,2.999999999999999889e-01,4.000000000000000222e-01,5.000000000000000000e-01,5.999999999999999778e-01,6.999999999999999556e-01,8.000000000000000444e-01,7.070000000000000000e+02
1.000000000000000056e-01,2.000000000000000111e-01,2.999999999999999889e-01,4.000000000000000222e-01,5.000000000000000000e-01,5.999999999999999778e-01,6.999999999999999556e-01,8.000000000000000444e-01,3.590000000000000000e+02
1.000000000000000056e-01,2.000000000000000111e-01,2.999999999999999889e-01,4.000000000000000222e-01,5.000000000000000000e-01,5.999999999999999778e-01,6.999999999999999556e-01,8.000000000000000444e-01,9.000000000000000000e+00
1.000000000000000056e-01,2.000000000000000111e-01,2.999999999999999889e-01,4.000000000000000222e-01,5.000000000000000000e-01,5.999999999999999778e-01,6.999999999999999556e-01,8.000000000000000444e-01,7.230000000000000000e+02
1.000000000000000056e-01,2.000000000000000111e-01,2.999999999999999889e-01,4.000000000000000222e-01,5.000000000000000000e-01,5.999999999999999778e-01,6.999999999999999556e-01,8.000000000000000444e-01,2.770000000000000000e+02
1.000000000000000056e-01,2.000000000000000111e-01,2.999999999999999889e-01,4.000000000000000222e-01,5.000000000000000000e-01,5.999999999999999778e-01,6.999999999999999556e-01,8.000000000000000444e-01,7.540000000000000000e+02
1.000000000000000056e-01,2.000000000000000111e-01,2.999999999999999889e-01,4.000000000000000222e-01,5.000000000000000000e-01,5.999999999999999778e-01,6.999999999999999556e-01,8.000000000000000444e-01,8.040000000000000000e+02
1.000000000000000056e-01,2.000000000000000111e-01,2.999999999999999889e-01,4.000000000000000222e-01,5.000000000000000000e-01,5.999999999999999778e-01,6.999999999999999556e-01,8.000000000000000444e-01,5.990000000000000000e+02
1.000000000000000056e-01,2.000000000000000111e-01,2.999999999999999889e-01,4.000000000000000222e-01,5.000000000000000000e-01,5.999999999999999778e-01,6.999999999999999556e-01,8.000000000000000444e-01,7.000000000000000000e+01
1.000000000000000056e-01,2.000000000000000111e-01,2.999999999999999889e-01,4.000000000000000222e-01,5.000000000000000000e-01,5.999999999999999778e-01,6.999999999999999556e-01,8.000000000000000444e-01,4.720000000000000000e+02
1.000000000000000056e-01,2.000000000000000111e-01,2.999999999999999889e-01,4.000000000000000222e-01,5.000000000000000000e-01,5.999999999999999778e-01,6.999999999999999556e-01,8.000000000000000444e-01,6.000000000000000000e+02
1.000000000000000056e-01,2.000000000000000111e-01,2.999999999999999889e-01,4.000000000000000222e-01,5.000000000000000000e-01,5.999999999999999778e-01,6.999999999999999556e-01,8.000000000000000444e-01,3.960000000000000000e+02
1.000000000000000056e-01,2.000000000000000111e-01,2.999999999999999889e-01,4.000000000000000222e-01,5.000000000000000000e-01,5.999999999999999778e-01,6.999999999999999556e-01,8.000000000000000444e-01,3.140000000000000000e+02
1.000000000000000056e-01,2.000000000000000111e-01,2.999999999999999889e-01,4.000000000000000222e-01,5.000000000000000000e-01,5.999999999999999778e-01,6.999999999999999556e-01,8.000000000000000444e-01,7.050000000000000000e+02
1.000000000000000056e-01,2.000000000000000111e-01,2.999999999999999889e-01,4.000000000000000222e-01,5.000000000000000000e-01,5.999999999999999778e-01,6.999999999999999556e-01,8.000000000000000444e-01,4.860000000000000000e+02
1.000000000000000056e-01,2.000000000000000111e-01,2.999999999999999889e-01,4.000000000000000222e-01,5.000000000000000000e-01,5.999999999999999778e-01,6.999999999999999556e-01,8.000000000000000444e-01,5.510000000000000000e+02
1.000000000000000056e-01,2.000000000000000111e-01,2.999999999999999889e-01,4.000000000000000222e-01,5.000000000000000000e-01,5.999999999999999778e-01,6.999999999999999556e-01,8.000000000000000444e-01,8.700000000000000000e+01
1.000000000000000056e-01,2.000000000000000111e-01,2.999999999999999889e-01,4.000000000000000222e-01,5.000000000000000000e-01,5.999999999999999778e-01,6.999999999999999556e-01,8.000000000000000444e-01,1.740000000000000000e+02
1.000000000000000056e-01,2.000000000000000111e-01,2.999999999999999889e-01,4.000000000000000222e-01,5.000000000000000000e-01,5.999999999999999778e-01,6.999999999999999556e-01,8.000000000000000444e-01,6.000000000000000000e+02
1.000000000000000056e-01,2.000000000000000111e-01,2.999999999999999889e-01,4.000000000000000222e-01,5.000000000000000000e-01,5.999999999999999778e-01,6.999999999999999556e-01,8.000000000000000444e-01,8.490000000000000000e+02
1.000000000000000056e-01,2.000000000000000111e-01,2.999999999999999889e-01,4.000000000000000222e-01,5.000000000000000000e-01,5.999999999999999778e-01,6.999999999999999556e-01,8.000000000000000444e-01,6.770000000000000000e+02
1.000000000000000056e-01,2.000000000000000111e-01,2.999999999999999889e-01,4.000000000000000222e-01,5.000000000000000000e-01,5.999999999999999778e-01,6.999999999999999556e-01,8.000000000000000444e-01,5.370000000000000000e+02
1.000000000000000056e-01,2.000000000000000111e-01,2.999999999999999889e-01,4.000000000000000222e-01,5.000000000000000000e-01,5.999999999999999778e-01,6.999999999999999556e-01,8.000000000000000444e-01,8.450000000000000000e+02
1.000000000000000056e-01,2.000000000000000111e-01,2.999999999999999889e-01,4.000000000000000222e-01,5.000000000000000000e-01,5.999999999999999778e-01,6.999999999999999556e-01,8.000000000000000444e-01,7.200000000000000000e+01
1.000000000000000056e-01,2.000000000000000111e-01,2.999999999999999889e-01,4.000000000000000222e-01,5.000000000000000000e-01,5.999999999999999778e-01,6.999999999999999556e-01,8.000000000000000444e-01,7.770000000000000000e+02
1.000000000000000056e-01,2.000000000000000111e-01,2.999999999999999889e-01,4.000000000000000222e-01,5.000000000000000000e-01,5.999999999999999778e-01,6.999999999999999556e-01,8.000000000000000444e-01,9.160000000000000000e+02
1.000000000000000056e-01,2.000000000000000111e-01,2.999999999999999889e-01,4.000000000000000222e-01,5.000000000000000000e-01,5.999999999999999778e-01,6.999999999999999556e-01,8.000000000000000444e-01,1.150000000000000000e+02
1.000000000000000056e-01,2.000000000000000111e-01,2.999999999999999889e-01,4.000000000000000222e-01,5.000000000000000000e-01,5.999999999999999778e-01,6.999999999999999556e-01,8.000000000000000444e-01,9.760000000000000000e+02
1.000000000000000056e-01,2.000000000000000111e-01,2.999999999999999889e-01,4.000000000000000222e-01,5.000000000000000000e-01,5.999999999999999778e-01,6.999999999999999556e-01,8.000000000000000444e-01,7.550000000000000000e+02
1.000000000000000056e-01,2.000000000000000111e-01,2.999999999999999889e-01,4.000000000000000222e-01,5.000000000000000000e-01,5.999999999999999778e-01,6.999999999999999556e-01,8.000000000000000444e-01,7.090000000000000000e+02
1.000000000000000056e-01,2.000000000000000111e-01,2.999999999999999889e-01,4.000000000000000222e-01,5.000000000000000000e-01,5.999999999999999778e-01,6.999999999999999556e-01,8.000000000000000444e-01,8.470000000000000000e+02
1.000000000000000056e-01,2.000000000000000111e-01,2.999999999999999889e-01,4.000000000000000222e-01,5.000000000000000000e-01,5.999999999999999778e-01,6.999999999999999556e-01,8.000000000000000444e-01,4.310000000000000000e+02
1.000000000000000056e-01,2.000000000000000111e-01,2.999999999999999889e-01,4.000000000000000222e-01,5.000000000000000000e-01,5.999999999999999778e-01,6.999999999999999556e-01,8.000000000000000444e-01,4.480000000000000000e+02
1.000000000000000056e-01,2.000000000000000111e-01,2.999999999999999889e-01,4.000000000000000222e-01,5.000000000000000000e-01,5.999999999999999778e-01,6.999999999999999556e-01,8.000000000000000444e-01,8.500000000000000000e+02
1.000000000000000056e-01,2.000000000000000111e-01,2.999999999999999889e-01,4.000000000000000222e-01,5.000000000000000000e-01,5.999999999999999778e-01,6.999999999999999556e-01,8.000000000000000444e-01,9.900000000000000000e+01
1.000000000000000056e-01,2.000000000000000111e-01,2.999999999999999889e-01,4.000000000000000222e-01,5.000000000000000000e-01,5.999999999999999778e-01,6.999999999999999556e-01,8.000000000000000444e-01,9.840000000000000000e+02
1.000000000000000056e-01,2.000000000000000111e-01,2.999999999999999889e-01,4.000000000000000222e-01,5.000000000000000000e-01,5.999999999999999778e-01,6.999999999999999556e-01,8.000000000000000444e-01,1.770000000000000000e+02
1.000000000000000056e-01,2.000000000000000111e-01,2.999999999999999889e-01,4.000000000000000222e-01,5.000000000000000000e-01,5.999999999999999778e-01,6.999999999999999556e-01,8.000000000000000444e-01,7.550000000000000000e+02
1.000000000000000056e-01,2.000000000000000111e-01,2.999999999999999889e-01,4.000000000000000222e-01,5.000000000000000000e-01,5.999999999999999778e-01,6.999999999999999556e-01,8.000000000000000444e-01,7.970000000000000000e+02
1.000000000000000056e-01,2.000000000000000111e-01,2.999999999999999889e-01,4.000000000000000222e-01,5.000000000000000000e-01,5.999999999999999778e-01,6.999999999999999556e-01,8.000000000000000444e-01,6.590000000000000000e+02
1.000000000000000056e-01,2.000000000000000111e-01,2.999999999999999889e-01,4.000000000000000222e-01,5.000000000000000000e-01,5.999999999999999778e-01,6.999999999999999556e-01,8.000000000000000444e-01,1.470000000000000000e+02
1.000000000000000056e-01,2.000000000000000111e-01,2.999999999999999889e-01,4.000000000000000222e-01,5.000000000000000000e-01,5.999999999999999778e-01,6.999999999999999556e-01,8.000000000000000444e-01,9.100000000000000000e+02
1.000000000000000056e-01,2.000000000000000111e-01,2.999999999999999889e-01,4.000000000000000222e-01,5.000000000000000000e-01,5.999999999999999778e-01,6.999999999999999556e-01,8.000000000000000444e-01,4.230000000000000000e+02
1.000000000000000056e-01,2.000000000000000111e-01,2.999999999999999889e-01,4.000000000000000222e-01,5.000000000000000000e-01,5.999999999999999778e-01,6.999999999999999556e-01,8.000000000000000444e-01,2.880000000000000000e+02
1.000000000000000056e-01,2.000000000000000111e-01,2.999999999999999889e-01,4.000000000000000222e-01,5.000000000000000000e-01,5.999999999999999778e-01,6.999999999999999556e-01,8.000000000000000444e-01,9.610000000000000000e+02
1.000000000000000056e-01,2.000000000000000111e-01,2.999999999999999889e-01,4.000000000000000222e-01,5.000000000000000000e-01,5.999999999999999778e-01,6.999999999999999556e-01,8.000000000000000444e-01,2.650000000000000000e+02
1.000000000000000056e-01,2.000000000000000111e-01,2.999999999999999889e-01,4.000000000000000222e-01,5.000000000000000000e-01,5.999999999999999778e-01,6.999999999999999556e-01,8.000000000000000444e-01,6.970000000000000000e+02
1.000000000000000056e-01,2.000000000000000111e-01,2.999999999999999889e-01,4.000000000000000222e-01,5.000000000000000000e-01,5.999999999999999778e-01,6.999999999999999556e-01,8.000000000000000444e-01,6.390000000000000000e+02
1.000000000000000056e-01,2.000000000000000111e-01,2.999999999999999889e-01,4.000000000000000222e-01,5.000000000000000000e-01,5.999999999999999778e-01,6.999999999999999556e-01,8.000000000000000444e-01,5.440000000000000000e+02
1.000000000000000056e-01,2.000000000000000111e-01,2.999999999999999889e-01,4.000000000000000222e-01,5.000000000000000000e-01,5.999999999999999778e-01,6.999999999999999556e-01,8.000000000000000444e-01,5.430000000000000000e+02
1.000000000000000056e-01,2.000000000000000111e-01,2.999999999999999889e-01,4.000000000000000222e-01,5.000000000000000000e-01,5.999999999999999778e-01,6.999999999999999556e-01,8.000000000000000444e-01,7.140000000000000000e+02
1.000000000000000056e-01,2.000000000000000111e-01,2.999999999999999889e-01,4.000000000000000222e-01,5.000000000000000000e-01,5.999999999999999778e-01,6.999999999999999556e-01,8.000000000000000444e-01,2.440000000000000000e+02
1.000000000000000056e-01,2.000000000000000111e-01,2.999999999999999889e-01,4.000000000000000222e-01,5.000000000000000000e-01,5.999999999999999778e-01,6.999999999999999556e-01,8.000000000000000444e-01,1.510000000000000000e+02
1.000000000000000056e-01,2.000000000000000111e-01,2.999999999999999889e-01,4.000000000000000222e-01,5.000000000000000000e-01,5.999999999999999778e-01,6.999999999999999556e-01,8.000000000000000444e-01,6.750000000000000000e+02
1.000000000000000056e-01,2.000000000000000111e-01,2.999999999999999889e-01,4.000000000000000222e-01,5.000000000000000000e-01,5.999999999999999778e-01,6.999999999999999556e-01,8.000000000000000444e-01,5.100000000000000000e+02
1.000000000000000056e-01,2.000000000000000111e-01,2.999999999999999889e-01,4.000000000000000222e-01,5.000000000000000000e-01,5.999999999999999778e-01,6.999999999999999556e-01,8.000000000000000444e-01,4.590000000000000000e+02
1.000000000000000056e-01,2.000000000000000111e-01,2.999999999999999889e-01,4.000000000000000222e-01,5.000000000000000000e-01,5.999999999999999778e-01,6.999999999999999556e-01,8.000000000000000444e-01,8.820000000000000000e+02
1.000000000000000056e-01,2.000000000000000111e-01,2.999999999999999889e-01,4.000000000000000222e-01,5.000000000000000000e-01,5.999999999999999778e-01,6.999999999999999556e-01,8.000000000000000444e-01,1.830000000000000000e+02
1.000000000000000056e-01,2.000000000000000111e-01,2.999999999999999889e-01,4.000000000000000222e-01,5.000000000000000000e-01,5.999999999999999778e-01,6.999999999999999556e-01,8.000000000000000444e-01,2.800000000000000000e+01
1.000000000000000056e-01,2.000000000000000111e-01,2.999999999999999889e-01,4.000000000000000222e-01,5.000000000000000000e-01,5.999999999999999778e-01,6.999999999999999556e-01,8.000000000000000444e-01,8.020000000000000000e+02
1.000000000000000056e-01,2.000000000000000111e-01,2.999999999999999889e-01,4.000000000000000222e-01,5.000000000000000000e-01,5.999999999999999778e-01,6.999999999999999556e-01,8.000000000000000444e-01,1.280000000000000000e+02
1.000000000000000056e-01,2.000000000000000111e-01,2.999999999999999889e-01,4.000000000000000222e-01,5.000000000000000000e-01,5.999999999999999778e-01,6.999999999999999556e-01,8.000000000000000444e-01,1.280000000000000000e+02
1.000000000000000056e-01,2.000000000000000111e-01,2.999999999999999889e-01,4.000000000000000222e-01,5.000000000000000000e-01,5.999999999999999778e-01,6.999999999999999556e-01,8.000000000000000444e-01,9.320000000000000000e+02
1.000000000000000056e-01,2.000000000000000111e-01,2.999999999999999889e-01,4.000000000000000222e-01,5.000000000000000000e-01,5.999999999999999778e-01,6.999999999999999556e-01,8.000000000000000444e-01,5.300000000000000000e+01
1.000000000000000056e-01,2.000000000000000111e-01,2.999999999999999889e-01,4.000000000000000222e-01,5.000000000000000000e-01,5.999999999999999778e-01,6.999999999999999556e-01,8.000000000000000444e-01,9.010000000000000000e+02
1.000000000000000056e-01,2.000000000000000111e-01,2.999999999999999889e-01,4.000000000000000222e-01,5.000000000000000000e-01,5.999999999999999778e-01,6.999999999999999556e-01,8.000000000000000444e-01,5.500000000000000000e+02
1.000000000000000056e-01,2.000000000000000111e-01,2.999999999999999889e-01,4.000000000000000222e-01,5.000000000000000000e-01,5.999999999999999778e-01,6.999999999999999556e-01,8.000000000000000444e-01,4.880000000000000000e+02
1.000000000000000056e-01,2.000000000000000111e-01,2.999999999999999889e-01,4.000000000000000222e-01,5.000000000000000000e-01,5.999999999999999778e-01,6.999999999999999556e-01,8.000000000000000444e-01,7.560000000000000000e+02
1.000000000000000056e-01,2.000000000000000111e-01,2.999999999999999889e-01,4.000000000000000222e-01,5.000000000000000000e-01,5.999999999999999778e-01,6.999999999999999556e-01,8.000000000000000444e-01,2.730000000000000000e+02
1.000000000000000056e-01,2.000000000000000111e-01,2.999999999999999889e-01,4.000000000000000222e-01,5.000000000000000000e-01,5.999999999999999778e-01,6.999999999999999556e-01,8.000000000000000444e-01,3.350000000000000000e+02
1.000000000000000056e-01,2.000000000000000111e-01,2.999999999999999889e-01,4.000000000000000222e-01,5.000000000000000000e-01,5.999999999999999778e-01,6.999999999999999556e-01,8.000000000000000444e-01,3.880000000000000000e+02
1.000000000000000056e-01,2.000000000000000111e-01,2.999999999999999889e-01,4.000000000000000222e-01,5.000000000000000000e-01,5.999999999999999778e-01,6.999999999999999556e-01,8.000000000000000444e-01,6.170000000000000000e+02
1.000000000000000056e-01,2.000000000000000111e-01,2.999999999999999889e-01,4.000000000000000222e-01,5.000000000000000000e-01,5.999999999999999778e-01,6.999999999999999556e-01,8.000000000000000444e-01,4.200000000000000000e+01
1.000000000000000056e-01,2.000000000000000111e-01,2.999999999999999889e-01,4.000000000000000222e-01,5.000000000000000000e-01,5.999999999999999778e-01,6.999999999999999556e-01,8.000000000000000444e-01,4.420000000000000000e+02
1.000000000000000056e-01,2.000000000000000111e-01,2.999999999999999889e-01,4.000000000000000222e-01,5.000000000000000000e-01,5.999999999999999778e-01,6.999999999999999556e-01,8.000000000000000444e-01,5.430000000000000000e+02
1.000000000000000056e-01,2.000000000000000111e-01,2.999999999999999889e-01,4.000000000000000222e-01,5.000000000000000000e-01,5.999999999999999778e-01,6.999999999999999556e-01,8.000000000000000444e-01,8.880000000000000000e+02
1.000000000000000056e-01,2.000000000000000111e-01,2.999999999999999889e-01,4.000000000000000222e-01,5.000000000000000000e-01,5.999999999999999778e-01,6.999999999999999556e-01,8.000000000000000444e-01,2.570000000000000000e+02
1.000000000000000056e-01,2.000000000000000111e-01,2.999999999999999889e-01,4.000000000000000222e-01,5.000000000000000000e-01,5.999999999999999778e-01,6.999999999999999556e-01,8.000000000000000444e-01,3.210000000000000000e+02
1.000000000000000056e-01,2.000000000000000111e-01,2.999999999999999889e-01,4.000000000000000222e-01,5.000000000000000000e-01,5.999999999999999778e-01,6.999999999999999556e-01,8.000000000000000444e-01,9.990000000000000000e+02
1.000000000000000056e-01,2.000000000000000111e-01,2.999999999999999889e-01,4.000000000000000222e-01,5.000000000000000000e-01,5.999999999999999778e-01,6.999999999999999556e-01,8.000000000000000444e-01,9.370000000000000000e+02
1.000000000000000056e-01,2.000000000000000111e-01,2.999999999999999889e-01,4.000000000000000222e-01,5.000000000000000000e-01,5.999999999999999778e-01,6.999999999999999556e-01,8.000000000000000444e-01,5.700000000000000000e+01
1.000000000000000056e-01,2.000000000000000111e-01,2.999999999999999889e-01,4.000000000000000222e-01,5.000000000000000000e-01,5.999999999999999778e-01,6.999999999999999556e-01,8.000000000000000444e-01,2.910000000000000000e+02
1.000000000000000056e-01,2.000000000000000111e-01,2.999999999999999889e-01,4.000000000000000222e-01,5.000000000000000000e-01,5.999999999999999778e-01,6.999999999999999556e-01,8.000000000000000444e-01,8.700000000000000000e+02
1.000000000000000056e-01,2.000000000000000111e-01,2.999999999999999889e-01,4.000000000000000222e-01,5.000000000000000000e-01,5.999999999999999778e-01,6.999999999999999556e-01,8.000000000000000444e-01,1.190000000000000000e+02
1.000000000000000056e-01,2.000000000000000111e-01,2.999999999999999889e-01,4.000000000000000222e-01,5.000000000000000000e-01,5.999999999999999778e-01,6.999999999999999556e-01,8.000000000000000444e-01,7.790000000000000000e+02
1.000000000000000056e-01,2.000000000000000111e-01,2.999999999999999889e-01,4.000000000000000222e-01,5.000000000000000000e-01,5.999999999999999778e-01,6.999999999999999556e-01,8.000000000000000444e-01,4.300000000000000000e+02
1.000000000000000056e-01,2.000000000000000111e-01,2.999999999999999889e-01,4.000000000000000222e-01,5.000000000000000000e-01,5.999999999999999778e-01,6.999999999999999556e-01,8.000000000000000444e-01,8.200000000000000000e+01
1.000000000000000056e-01,2.000000000000000111e-01,2.999999999999999889e-01,4.000000000000000222e-01,5.000000000000000000e-01,5.999999999999999778e-01,6.999999999999999556e-01,8.000000000000000444e-01,9.100000000000000000e+01
1.000000000000000056e-01,2.000000000000000111e-01,2.999999999999999889e-01,4.000000000000000222e-01,5.000000000000000000e-01,5.999999999999999778e-01,6.999999999999999556e-01,8.000000000000000444e-01,8.960000000000000000e+02
1.000000000000000056e-01,2.000000000000000111e-01,2.999999999999999889e-01,4.000000000000000222e-01,5.000000000000000000e-01,5.999999999999999778e-01,6.999999999999999556e-01,8.000000000000000444e-01,3.980000000000000000e+02
1.000000000000000056e-01,2.000000000000000111e-01,2.999999999999999889e-01,4.000000000000000222e-01,5.000000000000000000e-01,5.999999999999999778e-01,6.999999999999999556e-01,8.000000000000000444e-01,6.110000000000000000e+02
1.000000000000000056e-01,2.000000000000000111e-01,2.999999999999999889e-01,4.000000000000000222e-01,5.000000000000000000e-01,5.999999999999999778e-01,6.999999999999999556e-01,8.000000000000000444e-01,5.650000000000000000e+02
1.000000000000000056e-01,2.000000000000000111e-01,2.999999999999999889e-01,4.000000000000000222e-01,5.000000000000000000e-01,5.999999999999999778e-01,6.999999999999999556e-01,8.000000000000000444e-01,9.080000000000000000e+02
1.000000000000000056e-01,2.000000000000000111e-01,2.999999999999999889e-01,4.000000000000000222e-01,5.000000000000000000e-01,5.999999999999999778e-01,6.999999999999999556e-01,8.000000000000000444e-01,6.330000000000000000e+02
